   0.0000000000000000       -6.0000000000000000        1.0000000000000000     
   24.000000000000000       -6.0000000000000000        1.0000000000000000     
   48.000000000000000       -6.0000000000000000        1.0000000000000000     

   0.0000000000000000        0.0000000000000000        1.0000000000000000     
   24.000000000000000        0.0000000000000000        1.0000000000000000     
   48.000000000000000        0.0000000000000000        1.0000000000000000     

   0.0000000000000000        6.0000000000000000        1.0000000000000000     
   24.000000000000000        6.0000000000000000        1.0000000000000000     
   48.000000000000000        6.0000000000000000        1.0000000000000000     

   0.0000000000000000       -6.0000000000000000        1.0000000000000000     
   0.0000000000000000        0.0000000000000000        1.0000000000000000     
   0.0000000000000000        6.0000000000000000        1.0000000000000000     

   24.000000000000000       -6.0000000000000000        1.0000000000000000     
   24.000000000000000        0.0000000000000000        1.0000000000000000     
   24.000000000000000        6.0000000000000000        1.0000000000000000     

   48.000000000000000       -6.0000000000000000        1.0000000000000000     
   48.000000000000000        0.0000000000000000        1.0000000000000000     
   48.000000000000000        6.0000000000000000        1.0000000000000000     

