           1           1           0           3           2
           1           2           0           3           3
           1           3           0           3           4
           2           1           3           3          14
           2           2           3           3          15
           2           3           3           3          16
           3           3           0           4           4
           3           3           1           4           8
           3           3           2           4          12
           3           3           3           4          16
