   0.0000000000000000       -6.0000000000000000     
  0.24000000000000002       -6.0000000000000000     
  0.48000000000000009       -6.0000000000000000     
  0.72000000000000008       -6.0000000000000000     
  0.95999999999999996       -6.0000000000000000     
   1.2000000000000000       -6.0000000000000000     
   1.4399999999999997       -5.9999999999999991     
   1.6800000000000004       -6.0000000000000000     
   1.9200000000000002       -6.0000000000000000     
   2.1600000000000001       -6.0000000000000000     
   2.4000000000000004       -6.0000000000000000     
   2.6400000000000001       -6.0000000000000009     
   2.8799999999999999       -6.0000000000000000     
   3.1200000000000001       -6.0000000000000009     
   3.3600000000000003       -5.9999999999999991     
   3.5999999999999996       -6.0000000000000009     
   3.8399999999999999       -6.0000000000000009     
   4.0800000000000001       -6.0000000000000000     
   4.3200000000000003       -6.0000000000000009     
   4.5599999999999996       -6.0000000000000000     
   4.8000000000000007       -6.0000000000000000     
   5.0399999999999991       -6.0000000000000000     
   5.2800000000000002       -6.0000000000000000     
   5.5200000000000005       -6.0000000000000009     
   5.7599999999999998       -6.0000000000000000     
   6.0000000000000000       -6.0000000000000000     
   6.2400000000000011       -6.0000000000000000     
   6.4800000000000004       -6.0000000000000000     
   6.7200000000000006       -6.0000000000000000     
   6.9599999999999991       -6.0000000000000009     
   7.2000000000000002       -6.0000000000000000     
   7.4400000000000004       -6.0000000000000000     
   7.6799999999999997       -6.0000000000000000     
   7.9200000000000008       -6.0000000000000009     
   8.1600000000000001       -6.0000000000000000     
   8.4000000000000004       -5.9999999999999991     
   8.6399999999999988       -6.0000000000000000     
   8.8799999999999990       -5.9999999999999991     
   9.1200000000000010       -6.0000000000000000     
   9.3600000000000012       -6.0000000000000000     
   9.5999999999999996       -6.0000000000000000     
   9.8399999999999999       -6.0000000000000000     
   10.079999999999998       -6.0000000000000000     
   10.320000000000000       -6.0000000000000000     
   10.560000000000000       -6.0000000000000000     
   10.800000000000001       -6.0000000000000000     
   11.039999999999999       -6.0000000000000000     
   11.279999999999999       -5.9999999999999991     
   11.520000000000000       -6.0000000000000009     
   11.760000000000000       -6.0000000000000000     
   12.000000000000000       -6.0000000000000000     
   12.240000000000000       -6.0000000000000000     
   12.480000000000000       -6.0000000000000000     
   12.720000000000001       -6.0000000000000000     
   12.959999999999999       -6.0000000000000000     
   13.200000000000001       -6.0000000000000009     
   13.440000000000001       -6.0000000000000000     
   13.679999999999996       -6.0000000000000000     
   13.920000000000000       -6.0000000000000000     
   14.159999999999998       -6.0000000000000000     
   14.400000000000000       -6.0000000000000000     
   14.639999999999999       -6.0000000000000000     
   14.880000000000001       -6.0000000000000000     
   15.119999999999997       -6.0000000000000000     
   15.359999999999999       -5.9999999999999991     
   15.599999999999998       -6.0000000000000000     
   15.840000000000000       -6.0000000000000000     
   16.080000000000002       -6.0000000000000009     
   16.320000000000000       -6.0000000000000000     
   16.559999999999995       -6.0000000000000000     
   16.799999999999997       -6.0000000000000000     
   17.039999999999999       -6.0000000000000000     
   17.280000000000001       -6.0000000000000000     
   17.520000000000000       -5.9999999999999991     
   17.759999999999998       -6.0000000000000000     
   18.000000000000000       -6.0000000000000000     
   18.240000000000002       -6.0000000000000000     
   18.480000000000000       -6.0000000000000000     
   18.719999999999999       -6.0000000000000000     
   18.960000000000001       -6.0000000000000009     
   19.200000000000003       -6.0000000000000000     
   19.440000000000001       -6.0000000000000009     
   19.680000000000000       -6.0000000000000000     
   19.920000000000002       -6.0000000000000000     
   20.159999999999997       -6.0000000000000009     
   20.399999999999999       -6.0000000000000000     
   20.639999999999997       -6.0000000000000000     
   20.880000000000003       -6.0000000000000000     
   21.120000000000001       -6.0000000000000000     
   21.359999999999999       -6.0000000000000000     
   21.600000000000001       -6.0000000000000000     
   21.840000000000000       -6.0000000000000000     
   22.080000000000002       -6.0000000000000000     
   22.320000000000000       -6.0000000000000000     
   22.559999999999999       -6.0000000000000000     
   22.799999999999997       -6.0000000000000000     
   23.039999999999999       -6.0000000000000000     
   23.280000000000001       -5.9999999999999991     
   23.520000000000000       -6.0000000000000000     
   23.759999999999998       -6.0000000000000000     
   24.000000000000000       -6.0000000000000000     
   24.239999999999998       -5.9999999999999991     
   24.480000000000000       -6.0000000000000000     
   24.719999999999999       -6.0000000000000000     
   24.960000000000001       -6.0000000000000000     
   25.199999999999999       -6.0000000000000000     
   25.440000000000001       -6.0000000000000000     
   25.680000000000000       -6.0000000000000000     
   25.920000000000002       -6.0000000000000000     
   26.160000000000000       -6.0000000000000000     
   26.400000000000002       -6.0000000000000000     
   26.640000000000004       -6.0000000000000000     
   26.880000000000003       -6.0000000000000000     
   27.119999999999997       -6.0000000000000000     
   27.359999999999999       -6.0000000000000000     
   27.599999999999998       -6.0000000000000000     
   27.839999999999996       -6.0000000000000000     
   28.079999999999998       -6.0000000000000000     
   28.319999999999997       -6.0000000000000000     
   28.559999999999999       -6.0000000000000000     
   28.800000000000001       -6.0000000000000000     
   29.039999999999999       -6.0000000000000000     
   29.279999999999998       -6.0000000000000000     
   29.520000000000000       -6.0000000000000000     
   29.759999999999998       -6.0000000000000000     
   30.000000000000000       -6.0000000000000000     
   30.240000000000002       -6.0000000000000000     
   30.480000000000000       -6.0000000000000000     
   30.720000000000002       -6.0000000000000000     
   30.960000000000001       -6.0000000000000000     
   31.199999999999999       -6.0000000000000000     
   31.440000000000001       -6.0000000000000000     
   31.680000000000003       -6.0000000000000000     
   31.920000000000002       -6.0000000000000000     
   32.160000000000004       -6.0000000000000000     
   32.400000000000006       -6.0000000000000000     
   32.640000000000001       -6.0000000000000000     
   32.880000000000003       -6.0000000000000000     
   33.119999999999997       -6.0000000000000000     
   33.359999999999999       -6.0000000000000000     
   33.599999999999994       -6.0000000000000000     
   33.840000000000003       -6.0000000000000000     
   34.079999999999998       -6.0000000000000000     
   34.319999999999993       -6.0000000000000000     
   34.560000000000002       -6.0000000000000000     
   34.799999999999997       -6.0000000000000000     
   35.039999999999992       -6.0000000000000000     
   35.280000000000001       -6.0000000000000000     
   35.519999999999996       -6.0000000000000000     
   35.759999999999998       -6.0000000000000000     
   36.000000000000000       -6.0000000000000000     
   36.240000000000002       -6.0000000000000000     
   36.480000000000004       -6.0000000000000000     
   36.719999999999999       -6.0000000000000000     
   36.959999999999994       -6.0000000000000000     
   37.200000000000003       -6.0000000000000000     
   37.439999999999998       -6.0000000000000000     
   37.680000000000000       -6.0000000000000000     
   37.920000000000002       -6.0000000000000000     
   38.160000000000004       -6.0000000000000000     
   38.400000000000006       -6.0000000000000000     
   38.640000000000001       -6.0000000000000000     
   38.880000000000003       -6.0000000000000000     
   39.119999999999997       -6.0000000000000000     
   39.359999999999999       -6.0000000000000000     
   39.599999999999994       -6.0000000000000000     
   39.840000000000003       -6.0000000000000000     
   40.079999999999998       -6.0000000000000000     
   40.319999999999993       -6.0000000000000000     
   40.559999999999995       -6.0000000000000000     
   40.799999999999990       -5.9999999999999991     
   41.039999999999999       -6.0000000000000000     
   41.280000000000001       -6.0000000000000000     
   41.519999999999996       -6.0000000000000000     
   41.760000000000005       -6.0000000000000000     
   42.000000000000000       -6.0000000000000000     
   42.239999999999995       -6.0000000000000000     
   42.480000000000004       -6.0000000000000009     
   42.719999999999999       -6.0000000000000000     
   42.959999999999994       -6.0000000000000000     
   43.200000000000003       -6.0000000000000000     
   43.439999999999998       -6.0000000000000000     
   43.680000000000000       -6.0000000000000000     
   43.920000000000002       -6.0000000000000000     
   44.160000000000004       -6.0000000000000000     
   44.400000000000006       -6.0000000000000000     
   44.640000000000008       -6.0000000000000000     
   44.880000000000010       -6.0000000000000000     
   45.119999999999997       -6.0000000000000000     
   45.360000000000007       -6.0000000000000009     
   45.600000000000001       -6.0000000000000009     
   45.840000000000003       -6.0000000000000000     
   46.080000000000005       -6.0000000000000009     
   46.320000000000000       -6.0000000000000000     
   46.559999999999995       -6.0000000000000000     
   46.799999999999997       -6.0000000000000000     
   47.039999999999999       -6.0000000000000000     
   47.280000000000001       -6.0000000000000000     
   47.519999999999996       -5.9999999999999991     
   47.759999999999998       -6.0000000000000000     
   48.000000000000000       -6.0000000000000000     

   48.000000000000000       -6.0000000000000000     
   48.000000000000000       -5.9400000000000004     
   48.000000000000000       -5.8799999999999990     
   48.000000000000000       -5.8199999999999994     
   48.000000000000000       -5.7600000000000007     
   48.000000000000000       -5.6999999999999993     
   47.999999999999993       -5.6399999999999997     
   48.000000000000000       -5.5800000000000001     
   48.000000000000000       -5.5200000000000005     
   48.000000000000000       -5.4600000000000000     
   48.000000000000000       -5.4000000000000004     
   48.000000000000007       -5.3399999999999999     
   48.000000000000000       -5.2799999999999994     
   48.000000000000007       -5.2199999999999998     
   47.999999999999993       -5.1599999999999993     
   48.000000000000007       -5.1000000000000005     
   48.000000000000007       -5.0400000000000000     
   48.000000000000000       -4.9799999999999995     
   48.000000000000007       -4.9199999999999999     
   48.000000000000000       -4.8600000000000003     
   48.000000000000000       -4.8000000000000007     
   48.000000000000000       -4.7399999999999993     
   48.000000000000000       -4.6799999999999997     
   48.000000000000007       -4.6200000000000010     
   48.000000000000000       -4.5599999999999996     
   48.000000000000000       -4.5000000000000000     
   48.000000000000000       -4.4400000000000004     
   48.000000000000000       -4.3799999999999999     
   48.000000000000000       -4.3199999999999994     
   48.000000000000007       -4.2600000000000007     
   48.000000000000000       -4.2000000000000002     
   48.000000000000000       -4.1400000000000006     
   48.000000000000000       -4.0800000000000001     
   48.000000000000007       -4.0199999999999996     
   48.000000000000000       -3.9600000000000000     
   47.999999999999993       -3.8999999999999995     
   48.000000000000000       -3.8399999999999999     
   47.999999999999993       -3.7799999999999994     
   48.000000000000000       -3.7200000000000002     
   48.000000000000000       -3.6599999999999997     
   48.000000000000000       -3.5999999999999996     
   48.000000000000000       -3.5400000000000005     
   48.000000000000000       -3.4800000000000004     
   48.000000000000000       -3.4199999999999999     
   48.000000000000000       -3.3600000000000003     
   48.000000000000000       -3.2999999999999998     
   48.000000000000000       -3.2399999999999998     
   47.999999999999993       -3.1800000000000002     
   48.000000000000007       -3.1200000000000001     
   48.000000000000000       -3.0600000000000001     
   48.000000000000000       -3.0000000000000000     
   48.000000000000000       -2.9399999999999995     
   48.000000000000000       -2.8799999999999994     
   48.000000000000000       -2.8199999999999998     
   48.000000000000000       -2.7599999999999998     
   48.000000000000007       -2.7000000000000002     
   48.000000000000000       -2.6399999999999997     
   48.000000000000000       -2.5800000000000005     
   48.000000000000000       -2.5200000000000000     
   48.000000000000000       -2.4600000000000004     
   48.000000000000000       -2.3999999999999999     
   48.000000000000000       -2.3400000000000003     
   48.000000000000000       -2.2799999999999998     
   48.000000000000000       -2.2200000000000006     
   47.999999999999993       -2.1599999999999993     
   48.000000000000000       -2.1000000000000001     
   48.000000000000000       -2.0399999999999996     
   48.000000000000007       -1.9800000000000000     
   48.000000000000000       -1.9199999999999995     
   48.000000000000000       -1.8600000000000005     
   48.000000000000000       -1.8000000000000003     
   48.000000000000000       -1.7400000000000002     
   48.000000000000000       -1.6800000000000002     
   47.999999999999993       -1.6200000000000001     
   48.000000000000000       -1.5600000000000003     
   48.000000000000000       -1.5000000000000000     
   48.000000000000000       -1.4399999999999999     
   48.000000000000000       -1.3799999999999999     
   48.000000000000000       -1.3199999999999996     
   48.000000000000007       -1.2599999999999998     
   48.000000000000000       -1.2000000000000000     
   48.000000000000007       -1.1399999999999997     
   48.000000000000000       -1.0800000000000005     
   48.000000000000000       -1.0200000000000000     
   48.000000000000007      -0.96000000000000085     
   48.000000000000000      -0.89999999999999969     
   48.000000000000000      -0.84000000000000030     
   48.000000000000000      -0.77999999999999980     
   48.000000000000000      -0.72000000000000020     
   48.000000000000000      -0.65999999999999948     
   48.000000000000000      -0.60000000000000053     
   48.000000000000000      -0.53999999999999959     
   48.000000000000000      -0.47999999999999998     
   48.000000000000000      -0.41999999999999948     
   48.000000000000000      -0.36000000000000032     
   48.000000000000000      -0.30000000000000004     
   48.000000000000000      -0.24000000000000021     
   47.999999999999993      -0.17999999999999994     
   48.000000000000000      -0.12000000000000011     
   48.000000000000000      -6.00000000000000533E-002
   48.000000000000000        0.0000000000000000     
   47.999999999999993       6.00000000000000533E-002
   48.000000000000000       0.12000000000000011     
   48.000000000000000       0.17999999999999994     
   48.000000000000000       0.24000000000000021     
   48.000000000000000       0.30000000000000004     
   48.000000000000000       0.36000000000000032     
   48.000000000000000       0.42000000000000037     
   48.000000000000000       0.48000000000000043     
   48.000000000000000       0.54000000000000048     
   48.000000000000000       0.60000000000000053     
   48.000000000000000       0.66000000000000059     
   48.000000000000000       0.72000000000000042     
   48.000000000000000       0.77999999999999936     
   48.000000000000000       0.83999999999999964     
   48.000000000000000       0.89999999999999947     
   48.000000000000000       0.95999999999999952     
   48.000000000000000        1.0199999999999996     
   48.000000000000000        1.0799999999999994     
   48.000000000000000        1.1399999999999997     
   48.000000000000000        1.2000000000000000     
   48.000000000000000        1.2599999999999998     
   48.000000000000000        1.3199999999999996     
   48.000000000000000        1.3799999999999999     
   48.000000000000000        1.4399999999999999     
   48.000000000000000        1.5000000000000000     
   48.000000000000000        1.5600000000000003     
   48.000000000000000        1.6200000000000001     
   48.000000000000000        1.6800000000000002     
   48.000000000000000        1.7400000000000002     
   48.000000000000000        1.8000000000000003     
   48.000000000000000        1.8600000000000005     
   48.000000000000000        1.9200000000000004     
   48.000000000000000        1.9800000000000002     
   48.000000000000000        2.0400000000000009     
   48.000000000000000        2.1000000000000005     
   48.000000000000000        2.1600000000000006     
   48.000000000000000        2.2200000000000006     
   48.000000000000000        2.2799999999999994     
   48.000000000000000        2.3399999999999990     
   48.000000000000000        2.3999999999999995     
   48.000000000000000        2.4600000000000000     
   48.000000000000000        2.5199999999999996     
   48.000000000000000        2.5799999999999992     
   48.000000000000000        2.6399999999999997     
   48.000000000000000        2.7000000000000002     
   48.000000000000000        2.7599999999999998     
   48.000000000000000        2.8199999999999998     
   48.000000000000000        2.8799999999999994     
   48.000000000000000        2.9399999999999995     
   48.000000000000000        3.0000000000000000     
   48.000000000000000        3.0600000000000001     
   48.000000000000000        3.1200000000000001     
   48.000000000000000        3.1800000000000002     
   48.000000000000000        3.2400000000000002     
   48.000000000000000        3.3000000000000007     
   48.000000000000000        3.3600000000000003     
   48.000000000000000        3.4200000000000004     
   48.000000000000000        3.4800000000000004     
   48.000000000000000        3.5400000000000005     
   48.000000000000000        3.6000000000000010     
   48.000000000000000        3.6600000000000006     
   48.000000000000000        3.7200000000000011     
   48.000000000000000        3.7799999999999994     
   48.000000000000000        3.8399999999999999     
   48.000000000000000        3.8999999999999990     
   48.000000000000000        3.9600000000000000     
   48.000000000000000        4.0199999999999996     
   48.000000000000000        4.0799999999999992     
   48.000000000000000        4.1399999999999997     
   47.999999999999993        4.1999999999999993     
   48.000000000000000        4.2599999999999998     
   48.000000000000000        4.3199999999999994     
   48.000000000000000        4.3799999999999999     
   48.000000000000000        4.4400000000000004     
   48.000000000000000        4.5000000000000000     
   48.000000000000000        4.5599999999999996     
   48.000000000000007        4.6200000000000010     
   48.000000000000000        4.6800000000000006     
   48.000000000000000        4.7399999999999993     
   48.000000000000000        4.8000000000000007     
   48.000000000000000        4.8600000000000003     
   48.000000000000000        4.9200000000000008     
   48.000000000000000        4.9800000000000004     
   48.000000000000000        5.0400000000000000     
   48.000000000000000        5.1000000000000005     
   48.000000000000000        5.1600000000000010     
   48.000000000000000        5.2200000000000015     
   48.000000000000000        5.2799999999999994     
   48.000000000000007        5.3399999999999999     
   48.000000000000007        5.4000000000000004     
   48.000000000000000        5.4600000000000000     
   48.000000000000007        5.5200000000000005     
   48.000000000000000        5.5800000000000001     
   48.000000000000000        5.6399999999999997     
   48.000000000000000        5.6999999999999993     
   48.000000000000000        5.7599999999999998     
   48.000000000000000        5.8199999999999994     
   47.999999999999993        5.8799999999999990     
   48.000000000000000        5.9400000000000004     
   48.000000000000000        6.0000000000000000     

   0.0000000000000000        6.0000000000000000     
  0.24000000000000002        6.0000000000000000     
  0.48000000000000009        6.0000000000000000     
  0.72000000000000008        6.0000000000000000     
  0.95999999999999996        6.0000000000000000     
   1.2000000000000000        6.0000000000000000     
   1.4399999999999997        5.9999999999999991     
   1.6800000000000004        6.0000000000000000     
   1.9200000000000002        6.0000000000000000     
   2.1600000000000001        6.0000000000000000     
   2.4000000000000004        6.0000000000000000     
   2.6400000000000001        6.0000000000000009     
   2.8799999999999999        6.0000000000000000     
   3.1200000000000001        6.0000000000000009     
   3.3600000000000003        5.9999999999999991     
   3.5999999999999996        6.0000000000000009     
   3.8399999999999999        6.0000000000000009     
   4.0800000000000001        6.0000000000000000     
   4.3200000000000003        6.0000000000000009     
   4.5599999999999996        6.0000000000000000     
   4.8000000000000007        6.0000000000000000     
   5.0399999999999991        6.0000000000000000     
   5.2800000000000002        6.0000000000000000     
   5.5200000000000005        6.0000000000000009     
   5.7599999999999998        6.0000000000000000     
   6.0000000000000000        6.0000000000000000     
   6.2400000000000011        6.0000000000000000     
   6.4800000000000004        6.0000000000000000     
   6.7200000000000006        6.0000000000000000     
   6.9599999999999991        6.0000000000000009     
   7.2000000000000002        6.0000000000000000     
   7.4400000000000004        6.0000000000000000     
   7.6799999999999997        6.0000000000000000     
   7.9200000000000008        6.0000000000000009     
   8.1600000000000001        6.0000000000000000     
   8.4000000000000004        5.9999999999999991     
   8.6399999999999988        6.0000000000000000     
   8.8799999999999990        5.9999999999999991     
   9.1200000000000010        6.0000000000000000     
   9.3600000000000012        6.0000000000000000     
   9.5999999999999996        6.0000000000000000     
   9.8399999999999999        6.0000000000000000     
   10.079999999999998        6.0000000000000000     
   10.320000000000000        6.0000000000000000     
   10.560000000000000        6.0000000000000000     
   10.800000000000001        6.0000000000000000     
   11.039999999999999        6.0000000000000000     
   11.279999999999999        5.9999999999999991     
   11.520000000000000        6.0000000000000009     
   11.760000000000000        6.0000000000000000     
   12.000000000000000        6.0000000000000000     
   12.240000000000000        6.0000000000000000     
   12.480000000000000        6.0000000000000000     
   12.720000000000001        6.0000000000000000     
   12.959999999999999        6.0000000000000000     
   13.200000000000001        6.0000000000000009     
   13.440000000000001        6.0000000000000000     
   13.679999999999996        6.0000000000000000     
   13.920000000000000        6.0000000000000000     
   14.159999999999998        6.0000000000000000     
   14.400000000000000        6.0000000000000000     
   14.639999999999999        6.0000000000000000     
   14.880000000000001        6.0000000000000000     
   15.119999999999997        6.0000000000000000     
   15.359999999999999        5.9999999999999991     
   15.599999999999998        6.0000000000000000     
   15.840000000000000        6.0000000000000000     
   16.080000000000002        6.0000000000000009     
   16.320000000000000        6.0000000000000000     
   16.559999999999995        6.0000000000000000     
   16.799999999999997        6.0000000000000000     
   17.039999999999999        6.0000000000000000     
   17.280000000000001        6.0000000000000000     
   17.520000000000000        5.9999999999999991     
   17.759999999999998        6.0000000000000000     
   18.000000000000000        6.0000000000000000     
   18.240000000000002        6.0000000000000000     
   18.480000000000000        6.0000000000000000     
   18.719999999999999        6.0000000000000000     
   18.960000000000001        6.0000000000000009     
   19.200000000000003        6.0000000000000000     
   19.440000000000001        6.0000000000000009     
   19.680000000000000        6.0000000000000000     
   19.920000000000002        6.0000000000000000     
   20.159999999999997        6.0000000000000009     
   20.399999999999999        6.0000000000000000     
   20.639999999999997        6.0000000000000000     
   20.880000000000003        6.0000000000000000     
   21.120000000000001        6.0000000000000000     
   21.359999999999999        6.0000000000000000     
   21.600000000000001        6.0000000000000000     
   21.840000000000000        6.0000000000000000     
   22.080000000000002        6.0000000000000000     
   22.320000000000000        6.0000000000000000     
   22.559999999999999        6.0000000000000000     
   22.799999999999997        6.0000000000000000     
   23.039999999999999        6.0000000000000000     
   23.280000000000001        5.9999999999999991     
   23.520000000000000        6.0000000000000000     
   23.759999999999998        6.0000000000000000     
   24.000000000000000        6.0000000000000000     
   24.239999999999998        5.9999999999999991     
   24.480000000000000        6.0000000000000000     
   24.719999999999999        6.0000000000000000     
   24.960000000000001        6.0000000000000000     
   25.199999999999999        6.0000000000000000     
   25.440000000000001        6.0000000000000000     
   25.680000000000000        6.0000000000000000     
   25.920000000000002        6.0000000000000000     
   26.160000000000000        6.0000000000000000     
   26.400000000000002        6.0000000000000000     
   26.640000000000004        6.0000000000000000     
   26.880000000000003        6.0000000000000000     
   27.119999999999997        6.0000000000000000     
   27.359999999999999        6.0000000000000000     
   27.599999999999998        6.0000000000000000     
   27.839999999999996        6.0000000000000000     
   28.079999999999998        6.0000000000000000     
   28.319999999999997        6.0000000000000000     
   28.559999999999999        6.0000000000000000     
   28.800000000000001        6.0000000000000000     
   29.039999999999999        6.0000000000000000     
   29.279999999999998        6.0000000000000000     
   29.520000000000000        6.0000000000000000     
   29.759999999999998        6.0000000000000000     
   30.000000000000000        6.0000000000000000     
   30.240000000000002        6.0000000000000000     
   30.480000000000000        6.0000000000000000     
   30.720000000000002        6.0000000000000000     
   30.960000000000001        6.0000000000000000     
   31.199999999999999        6.0000000000000000     
   31.440000000000001        6.0000000000000000     
   31.680000000000003        6.0000000000000000     
   31.920000000000002        6.0000000000000000     
   32.160000000000004        6.0000000000000000     
   32.400000000000006        6.0000000000000000     
   32.640000000000001        6.0000000000000000     
   32.880000000000003        6.0000000000000000     
   33.119999999999997        6.0000000000000000     
   33.359999999999999        6.0000000000000000     
   33.599999999999994        6.0000000000000000     
   33.840000000000003        6.0000000000000000     
   34.079999999999998        6.0000000000000000     
   34.319999999999993        6.0000000000000000     
   34.560000000000002        6.0000000000000000     
   34.799999999999997        6.0000000000000000     
   35.039999999999992        6.0000000000000000     
   35.280000000000001        6.0000000000000000     
   35.519999999999996        6.0000000000000000     
   35.759999999999998        6.0000000000000000     
   36.000000000000000        6.0000000000000000     
   36.240000000000002        6.0000000000000000     
   36.480000000000004        6.0000000000000000     
   36.719999999999999        6.0000000000000000     
   36.959999999999994        6.0000000000000000     
   37.200000000000003        6.0000000000000000     
   37.439999999999998        6.0000000000000000     
   37.680000000000000        6.0000000000000000     
   37.920000000000002        6.0000000000000000     
   38.160000000000004        6.0000000000000000     
   38.400000000000006        6.0000000000000000     
   38.640000000000001        6.0000000000000000     
   38.880000000000003        6.0000000000000000     
   39.119999999999997        6.0000000000000000     
   39.359999999999999        6.0000000000000000     
   39.599999999999994        6.0000000000000000     
   39.840000000000003        6.0000000000000000     
   40.079999999999998        6.0000000000000000     
   40.319999999999993        6.0000000000000000     
   40.559999999999995        6.0000000000000000     
   40.799999999999990        5.9999999999999991     
   41.039999999999999        6.0000000000000000     
   41.280000000000001        6.0000000000000000     
   41.519999999999996        6.0000000000000000     
   41.760000000000005        6.0000000000000000     
   42.000000000000000        6.0000000000000000     
   42.239999999999995        6.0000000000000000     
   42.480000000000004        6.0000000000000009     
   42.719999999999999        6.0000000000000000     
   42.959999999999994        6.0000000000000000     
   43.200000000000003        6.0000000000000000     
   43.439999999999998        6.0000000000000000     
   43.680000000000000        6.0000000000000000     
   43.920000000000002        6.0000000000000000     
   44.160000000000004        6.0000000000000000     
   44.400000000000006        6.0000000000000000     
   44.640000000000008        6.0000000000000000     
   44.880000000000010        6.0000000000000000     
   45.119999999999997        6.0000000000000000     
   45.360000000000007        6.0000000000000009     
   45.600000000000001        6.0000000000000009     
   45.840000000000003        6.0000000000000000     
   46.080000000000005        6.0000000000000009     
   46.320000000000000        6.0000000000000000     
   46.559999999999995        6.0000000000000000     
   46.799999999999997        6.0000000000000000     
   47.039999999999999        6.0000000000000000     
   47.280000000000001        6.0000000000000000     
   47.519999999999996        5.9999999999999991     
   47.759999999999998        6.0000000000000000     
   48.000000000000000        6.0000000000000000     

   0.0000000000000000       -6.0000000000000000     
   0.0000000000000000       -5.9400000000000004     
   0.0000000000000000       -5.8799999999999990     
   0.0000000000000000       -5.8199999999999994     
   0.0000000000000000       -5.7600000000000007     
   0.0000000000000000       -5.6999999999999993     
   0.0000000000000000       -5.6399999999999997     
   0.0000000000000000       -5.5800000000000001     
   0.0000000000000000       -5.5200000000000005     
   0.0000000000000000       -5.4600000000000000     
   0.0000000000000000       -5.4000000000000004     
   0.0000000000000000       -5.3399999999999999     
   0.0000000000000000       -5.2799999999999994     
   0.0000000000000000       -5.2199999999999998     
   0.0000000000000000       -5.1599999999999993     
   0.0000000000000000       -5.1000000000000005     
   0.0000000000000000       -5.0400000000000000     
   0.0000000000000000       -4.9799999999999995     
   0.0000000000000000       -4.9199999999999999     
   0.0000000000000000       -4.8600000000000003     
   0.0000000000000000       -4.8000000000000007     
   0.0000000000000000       -4.7399999999999993     
   0.0000000000000000       -4.6799999999999997     
   0.0000000000000000       -4.6200000000000010     
   0.0000000000000000       -4.5599999999999996     
   0.0000000000000000       -4.5000000000000000     
   0.0000000000000000       -4.4400000000000004     
   0.0000000000000000       -4.3799999999999999     
   0.0000000000000000       -4.3199999999999994     
   0.0000000000000000       -4.2600000000000007     
   0.0000000000000000       -4.2000000000000002     
   0.0000000000000000       -4.1400000000000006     
   0.0000000000000000       -4.0800000000000001     
   0.0000000000000000       -4.0199999999999996     
   0.0000000000000000       -3.9600000000000000     
   0.0000000000000000       -3.8999999999999995     
   0.0000000000000000       -3.8399999999999999     
   0.0000000000000000       -3.7799999999999994     
   0.0000000000000000       -3.7200000000000002     
   0.0000000000000000       -3.6599999999999997     
   0.0000000000000000       -3.5999999999999996     
   0.0000000000000000       -3.5400000000000005     
   0.0000000000000000       -3.4800000000000004     
   0.0000000000000000       -3.4199999999999999     
   0.0000000000000000       -3.3600000000000003     
   0.0000000000000000       -3.2999999999999998     
   0.0000000000000000       -3.2399999999999998     
   0.0000000000000000       -3.1800000000000002     
   0.0000000000000000       -3.1200000000000001     
   0.0000000000000000       -3.0600000000000001     
   0.0000000000000000       -3.0000000000000000     
   0.0000000000000000       -2.9399999999999995     
   0.0000000000000000       -2.8799999999999994     
   0.0000000000000000       -2.8199999999999998     
   0.0000000000000000       -2.7599999999999998     
   0.0000000000000000       -2.7000000000000002     
   0.0000000000000000       -2.6399999999999997     
   0.0000000000000000       -2.5800000000000005     
   0.0000000000000000       -2.5200000000000000     
   0.0000000000000000       -2.4600000000000004     
   0.0000000000000000       -2.3999999999999999     
   0.0000000000000000       -2.3400000000000003     
   0.0000000000000000       -2.2799999999999998     
   0.0000000000000000       -2.2200000000000006     
   0.0000000000000000       -2.1599999999999993     
   0.0000000000000000       -2.1000000000000001     
   0.0000000000000000       -2.0399999999999996     
   0.0000000000000000       -1.9800000000000000     
   0.0000000000000000       -1.9199999999999995     
   0.0000000000000000       -1.8600000000000005     
   0.0000000000000000       -1.8000000000000003     
   0.0000000000000000       -1.7400000000000002     
   0.0000000000000000       -1.6800000000000002     
   0.0000000000000000       -1.6200000000000001     
   0.0000000000000000       -1.5600000000000003     
   0.0000000000000000       -1.5000000000000000     
   0.0000000000000000       -1.4399999999999999     
   0.0000000000000000       -1.3799999999999999     
   0.0000000000000000       -1.3199999999999996     
   0.0000000000000000       -1.2599999999999998     
   0.0000000000000000       -1.2000000000000000     
   0.0000000000000000       -1.1399999999999997     
   0.0000000000000000       -1.0800000000000005     
   0.0000000000000000       -1.0200000000000000     
   0.0000000000000000      -0.96000000000000085     
   0.0000000000000000      -0.89999999999999969     
   0.0000000000000000      -0.84000000000000030     
   0.0000000000000000      -0.77999999999999980     
   0.0000000000000000      -0.72000000000000020     
   0.0000000000000000      -0.65999999999999948     
   0.0000000000000000      -0.60000000000000053     
   0.0000000000000000      -0.53999999999999959     
   0.0000000000000000      -0.47999999999999998     
   0.0000000000000000      -0.41999999999999948     
   0.0000000000000000      -0.36000000000000032     
   0.0000000000000000      -0.30000000000000004     
   0.0000000000000000      -0.24000000000000021     
   0.0000000000000000      -0.17999999999999994     
   0.0000000000000000      -0.12000000000000011     
   0.0000000000000000      -6.00000000000000533E-002
   0.0000000000000000        0.0000000000000000     
   0.0000000000000000       6.00000000000000533E-002
   0.0000000000000000       0.12000000000000011     
   0.0000000000000000       0.17999999999999994     
   0.0000000000000000       0.24000000000000021     
   0.0000000000000000       0.30000000000000004     
   0.0000000000000000       0.36000000000000032     
   0.0000000000000000       0.42000000000000037     
   0.0000000000000000       0.48000000000000043     
   0.0000000000000000       0.54000000000000048     
   0.0000000000000000       0.60000000000000053     
   0.0000000000000000       0.66000000000000059     
   0.0000000000000000       0.72000000000000042     
   0.0000000000000000       0.77999999999999936     
   0.0000000000000000       0.83999999999999964     
   0.0000000000000000       0.89999999999999947     
   0.0000000000000000       0.95999999999999952     
   0.0000000000000000        1.0199999999999996     
   0.0000000000000000        1.0799999999999994     
   0.0000000000000000        1.1399999999999997     
   0.0000000000000000        1.2000000000000000     
   0.0000000000000000        1.2599999999999998     
   0.0000000000000000        1.3199999999999996     
   0.0000000000000000        1.3799999999999999     
   0.0000000000000000        1.4399999999999999     
   0.0000000000000000        1.5000000000000000     
   0.0000000000000000        1.5600000000000003     
   0.0000000000000000        1.6200000000000001     
   0.0000000000000000        1.6800000000000002     
   0.0000000000000000        1.7400000000000002     
   0.0000000000000000        1.8000000000000003     
   0.0000000000000000        1.8600000000000005     
   0.0000000000000000        1.9200000000000004     
   0.0000000000000000        1.9800000000000002     
   0.0000000000000000        2.0400000000000009     
   0.0000000000000000        2.1000000000000005     
   0.0000000000000000        2.1600000000000006     
   0.0000000000000000        2.2200000000000006     
   0.0000000000000000        2.2799999999999994     
   0.0000000000000000        2.3399999999999990     
   0.0000000000000000        2.3999999999999995     
   0.0000000000000000        2.4600000000000000     
   0.0000000000000000        2.5199999999999996     
   0.0000000000000000        2.5799999999999992     
   0.0000000000000000        2.6399999999999997     
   0.0000000000000000        2.7000000000000002     
   0.0000000000000000        2.7599999999999998     
   0.0000000000000000        2.8199999999999998     
   0.0000000000000000        2.8799999999999994     
   0.0000000000000000        2.9399999999999995     
   0.0000000000000000        3.0000000000000000     
   0.0000000000000000        3.0600000000000001     
   0.0000000000000000        3.1200000000000001     
   0.0000000000000000        3.1800000000000002     
   0.0000000000000000        3.2400000000000002     
   0.0000000000000000        3.3000000000000007     
   0.0000000000000000        3.3600000000000003     
   0.0000000000000000        3.4200000000000004     
   0.0000000000000000        3.4800000000000004     
   0.0000000000000000        3.5400000000000005     
   0.0000000000000000        3.6000000000000010     
   0.0000000000000000        3.6600000000000006     
   0.0000000000000000        3.7200000000000011     
   0.0000000000000000        3.7799999999999994     
   0.0000000000000000        3.8399999999999999     
   0.0000000000000000        3.8999999999999990     
   0.0000000000000000        3.9600000000000000     
   0.0000000000000000        4.0199999999999996     
   0.0000000000000000        4.0799999999999992     
   0.0000000000000000        4.1399999999999997     
   0.0000000000000000        4.1999999999999993     
   0.0000000000000000        4.2599999999999998     
   0.0000000000000000        4.3199999999999994     
   0.0000000000000000        4.3799999999999999     
   0.0000000000000000        4.4400000000000004     
   0.0000000000000000        4.5000000000000000     
   0.0000000000000000        4.5599999999999996     
   0.0000000000000000        4.6200000000000010     
   0.0000000000000000        4.6800000000000006     
   0.0000000000000000        4.7399999999999993     
   0.0000000000000000        4.8000000000000007     
   0.0000000000000000        4.8600000000000003     
   0.0000000000000000        4.9200000000000008     
   0.0000000000000000        4.9800000000000004     
   0.0000000000000000        5.0400000000000000     
   0.0000000000000000        5.1000000000000005     
   0.0000000000000000        5.1600000000000010     
   0.0000000000000000        5.2200000000000015     
   0.0000000000000000        5.2799999999999994     
   0.0000000000000000        5.3399999999999999     
   0.0000000000000000        5.4000000000000004     
   0.0000000000000000        5.4600000000000000     
   0.0000000000000000        5.5200000000000005     
   0.0000000000000000        5.5800000000000001     
   0.0000000000000000        5.6399999999999997     
   0.0000000000000000        5.6999999999999993     
   0.0000000000000000        5.7599999999999998     
   0.0000000000000000        5.8199999999999994     
   0.0000000000000000        5.8799999999999990     
   0.0000000000000000        5.9400000000000004     
   0.0000000000000000        6.0000000000000000     
